N 24 24 44 57
S 48 24 68 57
: 72 24 92 57
1 120 24 140 57
2 144 24 164 57
3 168 24 188 57
4 192 24 212 57
4 216 24 236 57
5 240 24 260 57
6 264 24 284 57
7 288 24 308 57
8 312 24 332 57
9 336 24 356 57
2 360 24 380 57
V 24 69 44 102
: 48 69 68 102
0 96 69 116 102
2 120 69 140 102
/ 144 69 164 102
0 168 69 188 102
8 192 69 212 102
/ 216 69 236 102
2 240 69 260 102
0 264 69 284 102
2 288 69 308 102
5 312 69 332 102
L 24 114 44 147
: 48 114 68 147
A 96 114 116 147
X 120 114 140 147
U 144 114 164 147
0 168 114 188 147
2 192 114 212 147
3 216 114 236 147
6 240 114 260 147
7 264 114 284 147
1 288 114 308 147
E 24 159 44 192
: 48 159 68 192
0 96 159 116 192
8 120 159 140 192
/ 144 159 164 192
1 168 159 188 192
0 192 159 212 192
/ 216 159 236 192
2 240 159 260 192
0 264 159 284 192
2 288 159 308 192
3 312 159 332 192
