N 14 14 34 47
S 38 14 58 47
: 62 14 82 47
A 110 14 130 47
U 134 14 154 47
F 158 14 178 47
P 182 14 202 47
E 206 14 226 47
1 230 14 250 47
6 254 14 274 47
0 278 14 298 47
0 302 14 322 47
9 326 14 346 47
P 350 14 370 47
E 374 14 394 47
R 398 14 418 47
8 422 14 442 47
S 446 14 466 47
A 470 14 490 47
7 494 14 514 47
L 518 14 538 47
O 542 14 562 47
0 566 14 586 47
V 24 59 44 92
: 48 59 68 92
0 96 59 116 92
2 120 59 140 92
/ 144 59 164 92
0 168 59 188 92
8 192 59 212 92
/ 216 59 236 92
2 240 59 260 92
0 264 59 284 92
2 288 59 308 92
5 312 59 332 92
L 24 104 44 137
: 48 104 68 137
A 96 104 116 137
X 120 104 140 137
U 144 104 164 137
Z 168 104 188 137
M 192 104 212 137
B 216 104 236 137
V 240 104 260 137
U 264 104 284 137
O 288 104 308 137
0 312 104 332 137
9 336 104 356 137
Q 360 104 380 137
0 384 104 404 137
2 408 104 428 137
3 432 104 452 137
6 456 104 476 137
7 480 104 500 137
1 504 104 524 137
L 528 104 548 137
S 552 104 572 137
E 24 149 44 182
: 48 149 68 182
0 96 149 116 182
8 120 149 140 182
/ 144 149 164 182
1 168 149 188 182
0 192 149 212 182
/ 216 149 236 182
2 240 149 260 182
0 264 149 284 182
2 288 149 308 182
3 312 149 332 182
