N 14 14 34 47
S 38 14 58 47
: 62 14 82 47
A 110 14 130 47
R 134 14 154 47
S 158 14 178 47
7 182 14 202 47
8 206 14 226 47
3 230 14 250 47
9 254 14 274 47
0 278 14 298 47
9 302 14 322 47
O 326 14 346 47
U 350 14 370 47
X 374 14 394 47
S 398 14 418 47
V 24 59 44 92
: 48 59 68 92
0 96 59 116 92
2 120 59 140 92
/ 144 59 164 92
0 168 59 188 92
6 192 59 212 92
/ 216 59 236 92
2 240 59 260 92
0 264 59 284 92
8 288 59 308 92
5 312 59 332 92
L 24 104 44 137
: 48 104 68 137
Z 96 104 116 137
E 120 104 140 137
W 144 104 164 137
T 168 104 188 137
0 192 104 212 137
9 216 104 236 137
Q 240 104 260 137
0 264 104 284 137
2 288 104 308 137
3 312 104 332 137
7 336 104 356 137
1 360 104 380 137
L 384 104 404 137
S 408 104 428 137
E 24 149 44 182
: 48 149 68 182
2 96 149 116 182
1 120 149 140 182
/ 144 149 164 182
0 168 149 188 182
2 192 149 212 182
/ 216 149 236 182
2 240 149 260 182
0 264 149 284 182
5 288 149 308 182
3 312 149 332 182
