N 14 14 40 55
S 44 14 70 55
: 74 14 100 55
A 134 14 160 55
X 164 14 190 55
C 194 14 220 55
9 224 14 250 55
8 254 14 280 55
3 284 14 310 55
U 314 14 340 55
E 344 14 370 55
R 374 14 400 55
X 404 14 430 55
C 434 14 460 55
1 464 14 490 55
V 24 67 50 108
: 54 67 80 108
3 114 67 140 108
0 144 67 170 108
/ 174 67 200 108
0 204 67 230 108
5 234 67 260 108
/ 264 67 290 108
2 294 67 320 108
2 324 67 350 108
2 354 67 380 108
5 384 67 410 108
L 24 120 50 161
: 54 120 80 161
Z 114 120 140 161
E 144 120 170 161
W 174 120 200 161
I 204 120 230 161
U 234 120 260 161
G 264 120 290 161
Q 294 120 320 161
3 324 120 350 161
0 354 120 380 161
1 384 120 410 161
K 414 120 440 161
S 444 120 470 161
E 24 173 50 214
: 54 173 80 214
1 114 173 140 214
7 144 173 170 214
/ 174 173 200 214
0 204 173 230 214
8 234 173 260 214
/ 264 173 290 214
2 294 173 320 214
0 324 173 350 214
3 354 173 380 214
1 384 173 410 214
