N 14 14 46 64
S 50 14 82 64
: 86 14 118 64
S 158 14 190 64
Y 194 14 226 64
I 230 14 262 64
V 266 14 298 64
B 302 14 334 64
9 338 14 370 64
8 374 14 406 64
3 410 14 442 64
M 446 14 478 64
G 482 14 514 64
F 518 14 550 64
R 554 14 586 64
X 590 14 622 64
C 626 14 658 64
1 662 14 694 64
V 24 76 56 126
: 60 76 92 126
1 132 76 164 126
7 168 76 200 126
/ 204 76 236 126
0 240 76 272 126
3 276 76 308 126
/ 312 76 344 126
2 348 76 380 126
0 384 76 416 126
4 420 76 452 126
5 456 76 488 126
L 24 138 56 188
: 60 138 92 188
Z 132 138 164 188
R 168 138 200 188
P 204 138 236 188
L 240 138 272 188
K 276 138 308 188
X 312 138 344 188
5 348 138 380 188
4 384 138 416 188
9 420 138 452 188
8 456 138 488 188
0 492 138 524 188
0 528 138 560 188
O 564 138 596 188
U 600 138 632 188
S 636 138 668 188
E 24 200 56 250
: 60 200 92 250
0 132 200 164 250
2 168 200 200 250
/ 204 200 236 250
0 240 200 272 250
7 276 200 308 250
/ 312 200 344 250
2 348 200 380 250
0 384 200 416 250
8 420 200 452 250
4 456 200 488 250
